11103,6
11103,5
11105,4
11105,3
11105,2
11105,1
11105,0
11104,3
11104,2
11104,1
11104,0
11103,4
11103,3
11103,2
11103,1
11103,0
11102,5
11102,4
11102,3
11102,2
11102,1
11102,0
11101,4
11101,3
11101,2
11101,1
11101,0
11100,4
11100,3
11100,2
11100,1
11100,0
11099,5
11099,4
11099,3
11099,2
11099,1
11099,0
11098,4
11098,3
11098,2
11098,1
11098,0
11097,4
11097,3
11097,2
11097,1
11097,0
11096,3
11096,2
11096,1
11096,0
11095,5
11095,4
11095,3
11095,2
11095,1
11095,0
11094,4
11094,3
11094,2
11094,1
11094,0
11093,4
11093,3
11093,2
11093,1
11093,0
11092,5
11092,4
11092,3
11092,2
11092,1
11092,0
11091,4
11091,3
11091,2
11091,1
11091,0
11090,4
11090,3
11090,2
11090,1
11090,0
11089,4
11089,3
11089,2
11089,1
11089,0
11088,4
11088,3
11088,2
11088,1
11088,0
11086,5
11086,4
11082,4
11078,4
11076,4
11087,3
11087,2
11087,1
11087,0
11086,3
11086,2
11086,1
11086,0
11085,3
11085,2
11085,1
11085,0
11084,3
11084,2
11084,1
11084,0
11083,3
11083,2
11083,1
11083,0
11082,3
11082,2
11082,1
11082,0
11081,3
11081,2
11081,1
11081,0
11080,3
11080,2
11080,1
11080,0
11079,3
11079,2
11079,1
11079,0
11078,3
11078,2
11078,1
11078,0
11077,3
11077,2
11077,1
11077,0
11076,3
11076,2
11076,1
11076,0
11075,3
11075,2
11075,1
11075,0
11074,3
11074,2
11074,1
11074,0
11073,3
11073,2
11073,1
11073,0
11072,3
11072,2
11072,1
11072,0
11069,6
11069,5
11071,4
11071,3
11071,2
11071,1
11071,0
11070,3
11070,2
11070,1
11070,0
11069,4
11069,3
11069,2
11069,1
11069,0
11068,5
11068,4
11068,3
11068,2
11068,1
11068,0
11067,4
11067,3
11067,2
11067,1
11067,0
11066,4
11066,3
11066,2
11066,1
11066,0
11065,5
11065,4
11065,3
11065,2
11065,1
11065,0
11064,4
11064,3
11064,2
11064,1
11064,0
11063,4
11063,3
11063,2
11063,1
11063,0
11062,3
11062,2
11062,1
11062,0
11061,5
11061,4
11061,3
11061,2
11061,1
11061,0
11060,4
11060,3
11060,2
11060,1
11060,0
11059,4
11059,3
11059,2
11059,1
11059,0
11058,5
11058,4
11058,3
11058,2
11058,1
11058,0
11057,4
11057,3
11057,2
11057,1
11057,0
11056,4
11056,3
11056,2
11056,1
11056,0
11055,4
11055,3
11055,2
11055,1
11055,0
11054,4
11054,3
11054,2
11054,1
11054,0
11052,5
11052,4
11048,4
11044,4
11042,4
11053,3
11053,2
11053,1
11053,0
11052,3
11052,2
11052,1
11052,0
11051,3
11051,2
11051,1
11051,0
11050,3
11050,2
11050,1
11050,0
11049,3
11049,2
11049,1
11049,0
11048,3
11048,2
11048,1
11048,0
11047,3
11047,2
11047,1
11047,0
11046,3
11046,2
11046,1
11046,0
11045,3
11045,2
11045,1
11045,0
11044,3
11044,2
11044,1
11044,0
11043,3
11043,2
11043,1
11043,0
11042,3
11042,2
11042,1
11042,0
11041,3
11041,2
11041,1
11041,0
11040,3
11040,2
11040,1
11040,0
11039,3
11039,2
11039,1
11039,0
11038,3
11038,2
11038,1
11038,0
11037,4
11037,3
11037,2
11037,1
11037,0
11036,3
11036,2
11036,1
11036,0
11035,4
11035,3
11035,2
11035,1
11035,0
11034,5
11034,4
11034,3
11034,2
11034,1
11034,0
11033,4
11033,3
11033,2
11033,1
11033,0
11032,4
11032,3
11032,2
11032,1
11032,0
11031,5
11031,4
11031,3
11031,2
11031,1
11031,0
11030,4
11030,3
11030,2
11030,1
11030,0
11029,4
11029,3
11029,2
11029,1
11029,0
11028,3
11028,2
11028,1
11028,0
11027,5
11027,4
11027,3
11027,2
11027,1
11027,0
11026,4
11026,3
11026,2
11026,1
11026,0
11025,4
11025,3
11025,2
11025,1
11025,0
11024,5
11024,4
11024,3
11024,2
11024,1
11024,0
11023,4
11023,3
11023,2
11023,1
11023,0
11022,4
11022,3
11022,2
11022,1
11022,0
11021,4
11021,3
11021,2
11021,1
11021,0
11020,4
11020,3
11020,2
11020,1
11020,0
11018,5
11018,4
11014,4
11010,4
11008,4
11019,3
11019,2
11019,1
11019,0
11018,3
11018,2
11018,1
11018,0
11017,3
11017,2
11017,1
11017,0
11016,3
11016,2
11016,1
11016,0
11015,3
11015,2
11015,1
11015,0
11014,3
11014,2
11014,1
11014,0
11013,3
11013,2
11013,1
11013,0
11012,3
11012,2
11012,1
11012,0
11011,3
11011,2
11011,1
11011,0
11010,3
11010,2
11010,1
11010,0
11009,3
11009,2
11009,1
11009,0
11008,3
11008,2
11008,1
11008,0
11007,3
11007,2
11007,1
11007,0
11006,3
11006,2
11006,1
11006,0
11005,3
11005,2
11005,1
11005,0
11004,3
11004,2
11004,1
11004,0
11001,6
11001,5
11003,4
11003,3
11003,2
11003,1
11003,0
11002,3
11002,2
11002,1
11002,0
11001,4
11001,3
11001,2
11001,1
11001,0
11000,5
11000,4
11000,3
11000,2
11000,1
11000,0
10999,4
10999,3
10999,2
10999,1
10999,0
10998,4
10998,3
10998,2
10998,1
10998,0
10997,5
10997,4
10997,3
10997,2
10997,1
10997,0
10996,4
10996,3
10996,2
10996,1
10996,0
10995,4
10995,3
10995,2
10995,1
10995,0
10994,3
10994,2
10994,1
10994,0
10993,5
10993,4
10993,3
10993,2
10993,1
10993,0
10992,4
10992,3
10992,2
10992,1
10992,0
10991,4
10991,3
10991,2
10991,1
10991,0
10990,5
10990,4
10990,3
10990,2
10990,1
10990,0
10989,4
10989,3
10989,2
10989,1
10989,0
10988,4
10988,3
10988,2
10988,1
10988,0
10987,4
10987,3
10987,2
10987,1
10987,0
10986,4
10986,3
10986,2
10986,1
10986,0
10984,5
10984,4
10980,4
10976,4
10974,4
10985,3
10985,2
10985,1
10985,0
10984,3
10984,2
10984,1
10984,0
10983,3
10983,2
10983,1
10983,0
10982,3
10982,2
10982,1
10982,0
10981,3
10981,2
10981,1
10981,0
10980,3
10980,2
10980,1
10980,0
10979,3
10979,2
10979,1
10979,0
10978,3
10978,2
10978,1
10978,0
10977,3
10977,2
10977,1
10977,0
10976,3
10976,2
10976,1
10976,0
10975,3
10975,2
10975,1
10975,0
10974,3
10974,2
10974,1
10974,0
10973,3
10973,2
10973,1
10973,0
10972,3
10972,2
10972,1
10972,0
10971,3
10971,2
10971,1
10971,0
10970,3
10970,2
10970,1
10970,0
10967,6
10967,5
10969,4
10969,3
10969,2
10969,1
10969,0
10968,3
10968,2
10968,1
10968,0
10967,4
10967,3
10967,2
10967,1
10967,0
10966,5
10966,4
10966,3
10966,2
10966,1
10966,0
10965,4
10965,3
10965,2
10965,1
10965,0
10964,4
10964,3
10964,2
10964,1
10964,0
10963,5
10963,4
10963,3
10963,2
10963,1
10963,0
10962,4
10962,3
10962,2
10962,1
10962,0
10961,4
10961,3
10961,2
10961,1
10961,0
10960,3
10960,2
10960,1
10960,0
10959,5
10959,4
10959,3
10959,2
10959,1
10959,0
10958,4
10958,3
10958,2
10958,1
10958,0
10957,4
10957,3
10957,2
10957,1
10957,0
10956,5
10956,4
10956,3
10956,2
10956,1
10956,0
10955,4
10955,3
10955,2
10955,1
10955,0
10954,4
10954,3
10954,2
10954,1
10954,0
10953,4
10953,3
10953,2
10953,1
10953,0
10952,4
10952,3
10952,2
10952,1
10952,0
10950,5
10950,4
10946,4
10942,4
10940,4
10951,3
10951,2
10951,1
10951,0
10950,3
10950,2
10950,1
10950,0
10949,3
10949,2
10949,1
10949,0
10948,3
10948,2
10948,1
10948,0
10947,3
10947,2
10947,1
10947,0
10946,3
10946,2
10946,1
10946,0
10945,3
10945,2
10945,1
10945,0
10944,3
10944,2
10944,1
10944,0
10943,3
10943,2
10943,1
10943,0
10942,3
10942,2
10942,1
10942,0
10941,3
10941,2
10941,1
10941,0
10940,3
10940,2
10940,1
10940,0
10939,3
10939,2
10939,1
10939,0
10938,3
10938,2
10938,1
10938,0
10937,3
10937,2
10937,1
10937,0
10936,3
10936,2
10936,1
10936,0
10933,6
10933,5
10935,4
10935,3
10935,2
10935,1
10935,0
10934,3
10934,2
10934,1
10934,0
10933,4
10933,3
10933,2
10933,1
10933,0
10932,5
10932,4
10932,3
10932,2
10932,1
10932,0
10931,4
10931,3
10931,2
10931,1
10931,0
10930,4
10930,3
10930,2
10930,1
10930,0
10929,5
10929,4
10929,3
10929,2
10929,1
10929,0
10928,4
10928,3
10928,2
10928,1
10928,0
10927,4
10927,3
10927,2
10927,1
10927,0
10926,3
10926,2
10926,1
10926,0
10925,5
10925,4
10925,3
10925,2
10925,1
10925,0
10924,4
10924,3
10924,2
10924,1
10924,0
10923,4
10923,3
10923,2
10923,1
10923,0
10922,5
10922,4
10922,3
10922,2
10922,1
10922,0
10921,4
10921,3
10921,2
10921,1
10921,0
10920,4
10920,3
10920,2
10920,1
10920,0
10919,4
10919,3
10919,2
10919,1
10919,0
10918,4
10918,3
10918,2
10918,1
10918,0
10916,5
10916,4
10912,4
10908,4
10906,4
10917,3
10917,2
10917,1
10917,0
10916,3
10916,2
10916,1
10916,0
10915,3
10915,2
10915,1
10915,0
10914,3
10914,2
10914,1
10914,0
10913,3
10913,2
10913,1
10913,0
10912,3
10912,2
10912,1
10912,0
10911,3
10911,2
10911,1
10911,0
10910,3
10910,2
10910,1
10910,0
10909,3
10909,2
10909,1
10909,0
10908,3
10908,2
10908,1
10908,0
10907,3
10907,2
10907,1
10907,0
10906,3
10906,2
10906,1
10906,0
10905,3
10905,2
10905,1
10905,0
10904,3
10904,2
10904,1
10904,0
10903,3
10903,2
10903,1
10903,0
10902,3
10902,2
10902,1
10902,0
10899,6
10899,5
10901,4
10901,3
10901,2
10901,1
10901,0
10900,3
10900,2
10900,1
10900,0
10899,4
10899,3
10899,2
10899,1
10899,0
10898,5
10898,4
10898,3
10898,2
10898,1
10898,0
10897,4
10897,3
10897,2
10897,1
10897,0
10896,4
10896,3
10896,2
10896,1
10896,0
10895,5
10895,4
10895,3
10895,2
10895,1
10895,0
10894,4
10894,3
10894,2
10894,1
10894,0
10893,4
10893,3
10893,2
10893,1
10893,0
10892,3
10892,2
10892,1
10892,0
10891,5
10891,4
10891,3
10891,2
10891,1
10891,0
10890,4
10890,3
10890,2
10890,1
10890,0
10889,4
10889,3
10889,2
10889,1
10889,0
10888,5
10888,4
10888,3
10888,2
10888,1
10888,0
10887,4
10887,3
10887,2
10887,1
10887,0
10886,4
10886,3
10886,2
10886,1
10886,0
10885,4
10885,3
10885,2
10885,1
10885,0
10884,4
10884,3
10884,2
10884,1
10884,0
10882,5
10882,4
10878,4
10874,4
10872,4
10883,3
10883,2
10883,1
10883,0
10882,3
10882,2
10882,1
10882,0
10881,3
10881,2
10881,1
10881,0
10880,3
10880,2
10880,1
10880,0
10879,3
10879,2
10879,1
10879,0
10878,3
10878,2
10878,1
10878,0
10877,3
10877,2
10877,1
10877,0
10876,3
10876,2
10876,1
10876,0
10875,3
10875,2
10875,1
10875,0
10874,3
10874,2
10874,1
10874,0
10873,3
10873,2
10873,1
10873,0
10872,3
10872,2
10872,1
10872,0
10871,3
10871,2
10871,1
10871,0
10870,3
10870,2
10870,1
10870,0
10869,3
10869,2
10869,1
10869,0
10868,3
10868,2
10868,1
10868,0
10865,6
10865,5
10867,4
10867,3
10867,2
10867,1
10867,0
10866,3
10866,2
10866,1
10866,0
10865,4
10865,3
10865,2
10865,1
10865,0
10864,5
10864,4
10864,3
10864,2
10864,1
10864,0
10863,4
10863,3
10863,2
10863,1
10863,0
10862,4
10862,3
10862,2
10862,1
10862,0
10861,5
10861,4
10861,3
10861,2
10861,1
10861,0
10860,4
10860,3
10860,2
10860,1
10860,0
10859,4
10859,3
10859,2
10859,1
10859,0
10858,3
10858,2
10858,1
10858,0
10857,5
10857,4
10857,3
10857,2
10857,1
10857,0
10856,4
10856,3
10856,2
10856,1
10856,0
10855,4
10855,3
10855,2
10855,1
10855,0
10854,5
10854,4
10854,3
10854,2
10854,1
10854,0
10853,4
10853,3
10853,2
10853,1
10853,0
10852,4
10852,3
10852,2
10852,1
10852,0
10851,4
10851,3
10851,2
10851,1
10851,0
10850,4
10850,3
10850,2
10850,1
10850,0
10848,5
10848,4
10844,4
10840,4
10838,4
10849,3
10849,2
10849,1
10849,0
10848,3
10848,2
10848,1
10848,0
10847,3
10847,2
10847,1
10847,0
10846,3
10846,2
10846,1
10846,0
10845,3
10845,2
10845,1
10845,0
10844,3
10844,2
10844,1
10844,0
10843,3
10843,2
10843,1
10843,0
10842,3
10842,2
10842,1
10842,0
10841,3
10841,2
10841,1
10841,0
10840,3
10840,2
10840,1
10840,0
10839,3
10839,2
10839,1
10839,0
10838,3
10838,2
10838,1
10838,0
10837,3
10837,2
10837,1
10837,0
10836,3
10836,2
10836,1
10836,0
10835,3
10835,2
10835,1
10835,0
10834,3
10834,2
10834,1
10834,0
10833,4
10833,3
10833,2
10833,1
10833,0
10832,3
10832,2
10832,1
10832,0
10831,4
10831,3
10831,2
10831,1
10831,0
10830,5
10830,4
10830,3
10830,2
10830,1
10830,0
10829,4
10829,3
10829,2
10829,1
10829,0
10828,4
10828,3
10828,2
10828,1
10828,0
10827,5
10827,4
10827,3
10827,2
10827,1
10827,0
10826,4
10826,3
10826,2
10826,1
10826,0
10825,4
10825,3
10825,2
10825,1
10825,0
10824,3
10824,2
10824,1
10824,0
10823,5
10823,4
10823,3
10823,2
10823,1
10823,0
10822,4
10822,3
10822,2
10822,1
10822,0
10821,4
10821,3
10821,2
10821,1
10821,0
10820,5
10820,4
10820,3
10820,2
10820,1
10820,0
10819,4
10819,3
10819,2
10819,1
10819,0
10818,4
10818,3
10818,2
10818,1
10818,0
10817,4
10817,3
10817,2
10817,1
10817,0
10816,4
10816,3
10816,2
10816,1
10816,0
10814,5
10814,4
10810,4
10806,4
10804,4
10815,3
10815,2
10815,1
10815,0
10814,3
10814,2
10814,1
10814,0
10813,3
10813,2
10813,1
10813,0
10812,3
10812,2
10812,1
10812,0
10811,3
10811,2
10811,1
10811,0
10810,3
10810,2
10810,1
10810,0
10809,3
10809,2
10809,1
10809,0
10808,3
10808,2
10808,1
10808,0
10807,3
10807,2
10807,1
10807,0
10806,3
10806,2
10806,1
10806,0
10805,3
10805,2
10805,1
10805,0
10804,3
10804,2
10804,1
10804,0
10803,3
10803,2
10803,1
10803,0
10802,3
10802,2
10802,1
10802,0
10801,3
10801,2
10801,1
10801,0
10800,3
10800,2
10800,1
10800,0
10799,4
10799,3
10799,2
10799,1
10799,0
10798,3
10798,2
10798,1
10798,0
10797,4
10797,3
10797,2
10797,1
10797,0
10796,5
10796,4
10796,3
10796,2
10796,1
10796,0
10795,4
10795,3
10795,2
10795,1
10795,0
10794,4
10794,3
10794,2
10794,1
10794,0
10793,5
10793,4
10793,3
10793,2
10793,1
10793,0
1,55
10792,4
10792,3
10792,2
10792,1
10792,0
10791,4
10791,3
10791,2
10791,1
10791,0
10790,3
10790,2
10790,1
10790,0
10789,5
10789,4
10789,3
10789,2
10789,1
10789,0
0,7
0,12
0,11
0,10
0,49
3,50
0,9
0,8
0,48
0,45
10788,4
10788,3
10788,2
10788,1
10788,0
3,49
0,47
0,46
1,48
10787,4
10787,3
10787,2
10787,1
10787,0
1,47
1,46
10786,5
10786,4
10786,3
10786,2
10786,1
10786,0
3,48
3,47
2,47
10785,4
10785,3
10785,2
10785,1
10785,0
3,46
2,46
3,45
2,45
10784,4
10784,3
10784,2
10784,1
10784,0
10783,4
10783,3
10783,2
10783,1
10783,0
10782,4
10782,3
10782,2
10782,1
10782,0
10780,5
10780,4
10776,4
10772,4
10770,4
10781,3
10781,2
10781,1
10781,0
10780,3
10780,2
10780,1
10780,0
10779,3
10779,2
10779,1
10779,0
10778,3
10778,2
10778,1
10778,0
10777,3
10777,2
10777,1
10777,0
10776,3
10776,2
10776,1
10776,0
10775,3
10775,2
10775,1
10775,0
10774,3
10774,2
10774,1
10774,0
10773,3
10773,2
10773,1
10773,0
10772,3
10772,2
10772,1
10772,0
10771,3
10771,2
10771,1
10771,0
10770,3
10770,2
10770,1
10770,0
10769,3
10769,2
10769,1
10769,0
10768,3
10768,2
10768,1
10768,0
10767,3
10767,2
10767,1
10767,0
10766,3
10766,2
10766,1
10766,0
10765,4
10765,3
10765,2
10765,1
10765,0
10764,3
10764,2
10764,1
10764,0
10763,4
10763,3
10763,2
10763,1
10763,0
10762,5
10762,4
10762,3
10762,2
10762,1
10762,0
10761,4
10761,3
10761,2
10761,1
10761,0
10760,4
10760,3
10760,2
10760,1
10760,0
10759,5
10759,4
10759,3
10759,2
10759,1
10759,0
10758,4
10758,3
10758,2
10758,1
10758,0
10757,4
10757,3
10757,2
10757,1
10757,0
10756,3
10756,2
10756,1
10756,0
10755,5
10755,4
10755,3
10755,2
10755,1
10755,0
10754,4
10754,3
10754,2
10754,1
10754,0
10753,4
10753,3
10753,2
10753,1
10753,0
10752,5
10752,4
10752,3
10752,2
10752,1
10752,0
10751,4
10751,3
10751,2
10751,1
10751,0
10750,4
10750,3
10750,2
10750,1
10750,0
10749,4
10749,3
10749,2
10749,1
10749,0
10748,4
10748,3
10748,2
10748,1
10748,0
10746,5
10746,4
10742,4
10738,4
10736,4
10747,3
10747,2
10747,1
10747,0
10746,3
10746,2
10746,1
10746,0
10745,3
10745,2
10745,1
10745,0
10744,3
10744,2
10744,1
10744,0
10743,3
10743,2
10743,1
10743,0
10742,3
10742,2
10742,1
10742,0
10741,3
10741,2
10741,1
10741,0
10740,3
10740,2
10740,1
10740,0
10739,3
10739,2
10739,1
10739,0
10738,3
10738,2
10738,1
10738,0
10737,3
10737,2
10737,1
10737,0
10736,3
10736,2
10736,1
10736,0
10735,3
10735,2
10735,1
10735,0
10734,3
10734,2
10734,1
10734,0
10733,3
10733,2
10733,1
10733,0
10732,3
10732,2
10732,1
10732,0
1,45
3,44
2,44
1,44
3,43
2,43
1,43
3,42
2,42
1,42
3,41
2,41
1,41
3,40
2,40
1,40
3,39
2,39
1,39
3,38
2,38
1,38
3,37
2,37
1,37
3,36
2,34
3,30
3,28
1,23
1,19
1,15
2,11
1,9
2,5
0,6
2,36
1,36
3,35
2,35
1,35
10731,4
10731,3
10731,2
10731,1
10731,0
3,34
1,34
3,33
2,33
1,33
3,32
10730,3
10730,2
10730,1
10730,0
2,32
1,32
3,31
2,31
1,31
10729,4
10729,3
10729,2
10729,1
10729,0
2,30
1,30
3,29
2,29
10728,5
10728,4
10728,3
10728,2
10728,1
10728,0
1,29
2,28
1,28
3,27
2,27
1,27
10727,4
10727,3
10727,2
10727,1
10727,0
3,26
2,26
1,26
3,25
2,25
10726,4
10726,3
10726,2
10726,1
10726,0
1,25
3,24
2,24
1,24
3,23
10725,5
10725,4
10725,3
10725,2
10725,1
10725,0
2,23
3,22
2,22
1,22
3,21
10724,4
10724,3
10724,2
10724,1
10724,0
1,21
10723,4
10723,3
10723,2
10723,1
10723,0
2,19
3,18
2,18
1,18
3,17
10722,3
10722,2
10722,1
10722,0
2,17
1,17
3,16
2,16
1,16
10721,5
10721,4
10721,3
10721,2
10721,1
10721,0
3,15
2,15
3,14
2,14
1,14
3,13
2,13
10720,4
10720,3
10720,2
10720,1
10720,0
1,13
3,12
2,12
1,12
3,11
10719,4
10719,3
10719,2
10719,1
10719,0
1,11
3,10
2,10
1,10
10718,5
10718,4
10718,3
10718,2
10718,1
10718,0
3,9
2,9
3,8
2,8
1,8
3,7
2,7
10717,4
10717,3
10717,2
10717,1
10717,0
1,7
3,6
2,6
1,6
10716,4
10716,3
10716,2
10716,1
10716,0
3,5
1,5
3,4
2,4
1,4
10715,4
10715,3
10715,2
10715,1
10715,0
